2014 -1.00
2013 0.30
2012 2.90
2011 2.40
2010 3.00
2009 0.80
2008 1.4
2007 4.20
2006 2.70
2005 3.70
2004 3.20
2003 2.60
2002 4.00
2001 2.70
2000 4.00
1999 2.90
1998 1.40
1997 2.00
1996 3.20
1995 4.30
1994 4.30
1993 4.90
1992 5.30
1991 5.50
1990 6.50
1989 6.90
1988 5.80
1987 4.60
1986 8.30
1985 8.20
1984 9.00
1983 12.20
1982 14.00
1981 14.40
1980 15.20
1979 15.60
1978 16.50
1977 26.40
1976 19.80
1975 14.10
1974 17.90
1973 14.20
1972 7.30
1971 9.60
1970 6.80
1969 3.40
1968 2.90
1967 6.60
1966 5.30
1965 9.40